Mean per epoch of all folds:
[1.04191161 0.75163768 0.59144787 0.5137565  0.48144899 0.47053909
 0.46903348 0.47022598 0.47128065 0.47177083 0.4718633  0.47177704
 0.47160631 0.47143284 0.47123655 0.47103613 0.47083968 0.47068486
 0.47055307 0.47043228]

Average error per epoch when leaving person 0 out:
[2.3730499714612967, 1.9625451617770728, 1.6816846830977337, 1.5260859906673436, 1.4403342326482138, 1.3928149640560152, 1.3689787983894348, 1.3567083726326625, 1.3504351725180943, 1.347075069944064, 1.3450503398974736, 1.3436070481936138, 1.3424039781093597, 1.3412950535615284, 1.3402205059925716, 1.3391570746898651, 1.3380976766347885, 1.3370390335718791, 1.3359816173712413, 1.3349261979262035]

Average error per epoch when leaving person 1 out:
[2.7364819997880176, 2.229232365075084, 1.771478010151122, 1.3543236011597852, 0.9823749715420937, 0.7130507986578679, 0.5824033510519402, 0.512111199034585, 0.4788496513499155, 0.4650611658228769, 0.4586216994457775, 0.4562089999847942, 0.45542041156027063, 0.4553076805505489, 0.4546439679298137, 0.4536414960357879, 0.45243057924840197, 0.45147681179973825, 0.450731455716822, 0.4498345920774673]

Average error per epoch when leaving person 2 out:
[1.2364416399929266, 0.7019034895632006, 0.4904281724823845, 0.41697216225994954, 0.3943158007992638, 0.38747706784142383, 0.38405637962950595, 0.3835200541549259, 0.3831397765212589, 0.3831715979509884, 0.3835082187586361, 0.3839524819784695, 0.3843467294507557, 0.38475811325841486, 0.3851809262567097, 0.3855897694163853, 0.3859865277343327, 0.38637222194009363, 0.3868378395173285, 0.38734098467561934]

Average error per epoch when leaving person 3 out:
[0.413178945713573, 0.4152313198977046, 0.4145166910025809, 0.41382404032680725, 0.41301292541954254, 0.41236591074201795, 0.41176596019003125, 0.411289920243952, 0.4108660418126318, 0.41047482017013753, 0.4106850841972563, 0.4110338160726759, 0.4113864818546507, 0.4120923051569197, 0.41280202511284086, 0.41350980046722624, 0.41427007261249754, 0.4155814493033621, 0.4168828124139044, 0.41817417684528563]

Average error per epoch when leaving person 4 out:
[2.4243392774793824, 1.6008838543627002, 0.9420346820685602, 0.5306902696026697, 0.37871695740355377, 0.3509953909450107, 0.37937620186143456, 0.41865322493844587, 0.44008153133922184, 0.4510762041144904, 0.4561098685198363, 0.458311723702484, 0.45924607121282185, 0.4596410264902648, 0.4598146026664313, 0.45989711784654225, 0.4599386995368537, 0.459960172110134, 0.4599676599436339, 0.4599655290775832]

Average error per epoch when leaving person 5 out:
[0.4101585442158911, 0.4173708916041587, 0.4225901052686904, 0.4237391561600898, 0.42370093468162756, 0.42335506382915716, 0.42293245944711905, 0.4224917129013274, 0.4220471218559478, 0.4216026798221801, 0.42115857306453924, 0.4207147717807029, 0.42027155909273367, 0.4198283166024421, 0.41938517096969824, 0.4189418316218589, 0.4184985369775031, 0.4180547952983115, 0.4176110908720229, 0.4171667233440612]

Average error per epoch when leaving person 6 out:
[0.5898936650929624, 0.4660783454665432, 0.4529399944234778, 0.45063776813171535, 0.44936954897862896, 0.4480839910330596, 0.4467834226511143, 0.4454949142756286, 0.4442247839989486, 0.44297373217565045, 0.44175248267474004, 0.44060885828954205, 0.4394827079993708, 0.43837303342642614, 0.4372793477994425, 0.4362015170079691, 0.43516174146422637, 0.4341703026383012, 0.43320886481691295, 0.4323157537866522]

Average error per epoch when leaving person 7 out:
[1.1152677291962838, 0.6779996455046869, 0.4908850641383064, 0.4090140457285774, 0.38845040255122715, 0.3875316055946881, 0.3897987576656872, 0.39216816150479855, 0.3961578654580647, 0.39770102226071896, 0.3981167423062855, 0.3980330275826985, 0.39773378246360364, 0.39734113686614575, 0.3969060006075436, 0.3964491608076626, 0.3959791036778027, 0.3954998227291638, 0.3950126590662533, 0.39451897614532055]

Average error per epoch when leaving person 8 out:
[0.4702185620201958, 0.38306136591566947, 0.38523513529035786, 0.4080856564972137, 0.4162069085571502, 0.41801583502027734, 0.4179825607273315, 0.41744376454088433, 0.41685518357488854, 0.4166879263851378, 0.4165535551640723, 0.41641074243519044, 0.4162619394395087, 0.4161086213919852, 0.4159521293971274, 0.4157932681176398, 0.4156329018208716, 0.4155476150247786, 0.41561601880523896, 0.41568334970209336]

Average error per epoch when leaving person 9 out:
[1.6545639613601901, 1.0774299034807422, 0.647299811277125, 0.46406829429997326, 0.38658334149254686, 0.3653803404503398, 0.3699324611160491, 0.3871078262064192, 0.3964358637068007, 0.40118023696872923, 0.4038678241107199, 0.4055630323621962, 0.40680761459800935, 0.4078714531991217, 0.40911145988437875, 0.4103412750694488, 0.41156855705711587, 0.4127995643350814, 0.41403542194101556, 0.4152765545580123]

Average error per epoch when leaving person 10 out:
[0.5427284915579691, 0.4232252771986856, 0.3939661457472377, 0.39418162875705304, 0.39936011764738305, 0.40649644020530923, 0.4094436663720344, 0.41083380315038903, 0.411673304769728, 0.4123244482609962, 0.4129129696223472, 0.41348007056448205, 0.4140396687719558, 0.4145960110757087, 0.4151501927110885, 0.41570277992222054, 0.41625378015968545, 0.41680333498451455, 0.4173510569665168, 0.4178974229428504]

Average error per epoch when leaving person 11 out:
[0.781807677878274, 0.5040997733010186, 0.40601113958491214, 0.3776042736901178, 0.38102044734689927, 0.38698112044069505, 0.3899407667252753, 0.3912460500333044, 0.39199653211567137, 0.3925273254844878, 0.39303104433748465, 0.39349317404958944, 0.39393634203407507, 0.3943679392668937, 0.39479110989305716, 0.3952063829037879, 0.3956147939297889, 0.3961284295055602, 0.3966363281342719, 0.39713908586237173]

Average error per epoch when leaving person 12 out:
[1.3676222244236211, 0.775237046811316, 0.4675644994113181, 0.3798441181911362, 0.40178487562470994, 0.4802970307403143, 0.5281612890296511, 0.5514178699586124, 0.5614303401443691, 0.5647994852397175, 0.5651996112200947, 0.5643577477667064, 0.563031507167551, 0.5615323907468052, 0.5599844879243107, 0.5584343573782177, 0.5569000220629902, 0.5553886121842594, 0.5539035103056164, 0.5524465418193073]

Average error per epoch when leaving person 13 out:
[1.0471549511838847, 0.7275766355682304, 0.5551247487686296, 0.4714778007622118, 0.43309764049671323, 0.42967373472672926, 0.42996411180054706, 0.43051692004557013, 0.4308814968223926, 0.4311554795062101, 0.4313876346305565, 0.4316006169275002, 0.43180434560334247, 0.4320033357099251, 0.43219916180328094, 0.4323926186120069, 0.4325835819597598, 0.4327725286836978, 0.43295889750674926, 0.43314327454125445]

Average error per epoch when leaving person 14 out:
[1.040361380014155, 0.536297913822863, 0.39701772136820684, 0.37019116901689114, 0.39392357163959085, 0.4106636616918777, 0.4180653888318275, 0.42104235026571496, 0.42252684864732964, 0.42355574402544244, 0.4245411223504279, 0.4255453265044425, 0.42660273674461585, 0.42772246960136634, 0.4288411146733497, 0.429956913623545, 0.43106874141428214, 0.4321752792927955, 0.4332753277156089, 0.4343678883049224]

Average error per epoch when leaving person 15 out:
[0.7666181069943642, 0.5250552375449075, 0.42948613120449913, 0.39780938678317596, 0.3935520115825864, 0.3975480422708723, 0.40043078247043823, 0.4021921295258734, 0.40338775399658416, 0.4043645176622603, 0.40526848915550445, 0.40615689638588165, 0.40704987082216476, 0.40795376035902237, 0.4088703903887007, 0.40979891154501175, 0.4107382881972525, 0.41168803605768417, 0.41264673206541275, 0.4136137131187651]

Average error per epoch when leaving person 16 out:
[1.6323407644364574, 1.0960507297847009, 0.6831702242626088, 0.492098482383622, 0.41372943444384463, 0.3844281547599368, 0.37957431637578537, 0.3882377558284336, 0.4018270783954197, 0.4095768892102772, 0.4138306268387371, 0.4163132422500187, 0.4179520049028927, 0.41921498262219964, 0.420325327747398, 0.42138615730736, 0.42243596646520837, 0.42349179569217904, 0.42456008974048837, 0.42564151916239007]

Average error per epoch when leaving person 17 out:
[1.1261300519439907, 0.7739129571782218, 0.6141368509001203, 0.5573888481325574, 0.5363714606232114, 0.5286385924286313, 0.5257220775551267, 0.5243985415167279, 0.523566728896565, 0.5228786826796002, 0.5222327918476529, 0.5216023237175412, 0.5209814519352384, 0.5207057278023827, 0.520670471654998, 0.5210062246190178, 0.5213351528512108, 0.5216580461131203, 0.5219756196604836, 0.5222884099351036]

Average error per epoch when leaving person 18 out:
[1.9299874528911385, 1.2804768755700855, 0.7522809510098561, 0.4759436888164946, 0.4140273947185942, 0.4211702722973295, 0.45130057420995506, 0.4762653371360568, 0.4909125825431613, 0.49845462646749294, 0.501494552758005, 0.5020758172538546, 0.501471262243059, 0.5003083905246524, 0.49888085928228176, 0.49731988814142025, 0.49568287637498654, 0.4939950963523654, 0.49226799216535366, 0.49050767329004086]

Average error per epoch when leaving person 19 out:
[0.4378627176417244, 0.40522692594263293, 0.44418351603878875, 0.4630362944139375, 0.4685030610693826, 0.468179042769803, 0.46592277599705595, 0.4630840433968439, 0.4602810232175722, 0.4574542729390993, 0.45464631302489183, 0.4518719999326601, 0.44913661612404726, 0.44644239677323244, 0.443790332807435, 0.44124644729826196, 0.4390238496992324, 0.43684001747104867, 0.43469410869810327, 0.43286405328247285]

Average error per epoch when leaving person 20 out:
[0.9002064458860287, 0.6810691065920721, 0.5880164462659092, 0.5515791806909771, 0.5360880542132588, 0.5283623013231488, 0.5232079300615522, 0.5189699727627965, 0.5150605264637206, 0.5112978268000815, 0.5076217326853012, 0.5040112632844186, 0.5004583943221307, 0.4969586256477571, 0.4935089546773172, 0.49010778698656327, 0.4867529544565416, 0.48344269129965073, 0.4801758873793817, 0.4769512164923883]

Average error per epoch when leaving person 21 out:
[1.0858624631497598, 0.5976193970772959, 0.44599615855349434, 0.4115992264284028, 0.40894882801506255, 0.4129139027330611, 0.4168370953533385, 0.4195035985443328, 0.42081928912136296, 0.42170896295044163, 0.4224697715375159, 0.42318834278318623, 0.4238890624377463, 0.4245776674482558, 0.4252556330296729, 0.42592321250173787, 0.42658129248354176, 0.42722947064373235, 0.42786721054050664, 0.42849519762727956]

Average error per epoch when leaving person 22 out:
[0.4137891405158573, 0.41581817600462173, 0.417263976070616, 0.4185188475582335, 0.41974613699648117, 0.4209694105717871, 0.42223080479436453, 0.42348541551166113, 0.4247313612037235, 0.4259680830770069, 0.42719516389899787, 0.4284121566348606, 0.42961918049388464, 0.4308380674653583, 0.432144228749805, 0.4334393184714847, 0.4347230609589153, 0.4359955977731281, 0.4372567202978664, 0.43850656264358095]

Average error per epoch when leaving person 23 out:
[0.3713290899329716, 0.387253215942118, 0.3908097356888984, 0.39155141863558035, 0.39182972762319784, 0.392118042740557, 0.3924927249881957, 0.3928865403268073, 0.39329694065782766, 0.3937216535541747, 0.39415878656837683, 0.39460709545347433, 0.39506531361076574, 0.395532628926966, 0.3960086018178199, 0.3964924276206229, 0.39698359224531393, 0.39748132083151083, 0.3979858443472121, 0.39849636558029394]

Average error per epoch when leaving person 24 out:
[0.4076795451177491, 0.40531673504246607, 0.40514699591530695, 0.40564474685324564, 0.406346256269349, 0.40711470915211573, 0.40790639294518366, 0.4087051249874963, 0.4095038644803895, 0.41029916925562754, 0.41108920647038355, 0.41187273932827845, 0.4126500211490525, 0.4134195469154252, 0.414182084037198, 0.41493713332547083, 0.41568529827727213, 0.4164843796028032, 0.4173749326003923, 0.4182565970553293]

Average error per epoch when leaving person 25 out:
[0.3801534682843421, 0.3812220976087783, 0.3819372266862128, 0.3823963016602729, 0.38277999911043387, 0.38314382586214285, 0.38350425514909964, 0.38386522832844, 0.38422772887680273, 0.3845911607477401, 0.38495546433660727, 0.38539389762613513, 0.3860652149054739, 0.38692730668518277, 0.38779003921482297, 0.38865354660484525, 0.38951748612854215, 0.39038217816087933, 0.39124748114082547, 0.392113313111994]

Average error per epoch when leaving person 26 out:
[0.47638514048523406, 0.44702293939060644, 0.49788771496878736, 0.5331190884775586, 0.544947794146008, 0.5467860460943647, 0.5451886863178678, 0.5424617440170713, 0.5393612892097898, 0.5361297190851636, 0.5328495115704007, 0.5295527786678739, 0.5262560159630246, 0.5229686707920499, 0.5196977168983884, 0.5164490104383893, 0.5132262618011899, 0.5100325406259961, 0.506869769162602, 0.5037400037712522]

